<?xml version="1.0"?>
<opencv_storage>
<calibration_time>"Сб 16 апр 2022 16:52:02"</calibration_time>
<image_width>640</image_width>
<image_height>480</image_height>
<flags>0</flags>
<camera_matrix type_id="opencv-matrix">
  <rows>3</rows>
  <cols>3</cols>
  <dt>d</dt>
  <data>
    9.3293425110387602e+02 0. 3.3119766299333367e+02 0.
    9.3975189126949545e+02 2.5089816558267080e+02 0. 0. 1.</data></camera_matrix>
<distortion_coefficients type_id="opencv-matrix">
  <rows>1</rows>
  <cols>5</cols>
  <dt>d</dt>
  <data>
    7.9889400537143787e-02 1.3859830357285379e+00 3.3434160414339172e-03
    2.5982088359422810e-03 -6.0007969249185971e+00</data></distortion_coefficients>
<avg_reprojection_error>3.6541540432753006e-01</avg_reprojection_error>
</opencv_storage>
