<?xml version="1.0"?>
<opencv_storage>
<calibration_time>"Сб 16 апр 2022 13:13:36"</calibration_time>
<image_width>1280</image_width>
<image_height>720</image_height>
<flags>0</flags>
<camera_matrix type_id="opencv-matrix">
  <rows>3</rows>
  <cols>3</cols>
  <dt>d</dt>
  <data>
    1.4563067777139474e+03 0. 6.2265757051456592e+02 0.
    1.4452427075852033e+03 2.8476518175112454e+02 0. 0. 1.</data></camera_matrix>
<distortion_coefficients type_id="opencv-matrix">
  <rows>1</rows>
  <cols>5</cols>
  <dt>d</dt>
  <data>
    3.5740143234066968e-01 -4.3654626358958186e+00
    -7.0286008839821760e-03 -8.9281932313917643e-03
    2.6707688086489377e+01</data></distortion_coefficients>
<avg_reprojection_error>5.6774380728723994e-01</avg_reprojection_error>
</opencv_storage>
